50
3
1 2 3
2 3 5
3 5 6
2 3 4
1 2 3
2
2 4
2 6
4 8
9
12 20 23 25 28 29 31 34 35
15 22 24 27 29 30 34 37 40
6 9 10 11 14 16 19 22 23
20 26 28 32 35 37 40 43 44
8 14 16 20 21 23 26 27 28
15 19 22 26 27 31 34 37 40
13 16 20 23 25 29 30 34 37
8 11 17 20 23 25 27 30 32
18 25 26 30 31 34 37 40 41
16 22 24 27 29 34 37 40 43
18 23 27 28 30 35 40 41 44
3 6 7 8 11 13 15 16 18
6 9 12 14 17 20 22 25 26
9 17 18 23 24 25 27 29 30
3 6 7 8 9 12 15 18 20
11 14 18 21 24 28 29 31 35
7 10 14 16 18 23 24 26 28
7
18 22 23 25 28 31 34
3 6 9 12 14 17 18
17 18 22 26 29 31 34
14 17 19 21 23 26 29
6 8 12 13 17 20 22
9 12 13 15 16 19 22
3 6 8 9 11 14 17
6 8 11 14 15 17 18
12 13 16 19 20 23 26
8 11 13 16 19 21 23
17 20 21 22 26 28 31
11 15 16 20 23 26 28
9 14 15 19 21 22 25
10
46 48 51 52 55 57 58 61 63 64
2 10 11 12 13 14 15 16 17 48
9 17 24 30 35 39 42 44 45 62
3 11 18 19 20 21 22 23 24 51
5 13 20 26 31 32 33 34 35 55
8 16 23 29 34 38 41 43 44 60
1 2 3 4 5 6 7 8 9 47
2 10 11 12 13 14 15 16 17 49
3 11 18 19 20 21 22 23 24 50
5 13 20 26 31 32 33 34 35 54
7 15 22 28 33 37 40 41 42 59
9 17 24 30 35 39 42 44 45 63
7 15 22 28 33 37 40 41 42 58
1 2 3 4 5 6 7 8 9 46
4 12 19 25 26 27 28 29 30 52
6 14 21 27 32 36 37 38 39 57
6 14 21 27 32 36 37 38 39 56
8 16 23 29 34 38 41 43 44 61
47 49 50 53 54 56 59 60 62 64
2
2 4
2 6
6 8
5
8 11 13 15 18
3 4 5 7 8
5 9 10 11 13
1 3 4 5 8
4 6 8 10 11
2 4 6 9 11
3 5 8 10 13
5 8 11 13 18
1 2 3 4 5
2
4 6
6 8
4 7
4
4 6 7 8
1 2 4 6
2 4 5 6
2 4 6 7
3 5 7 9
4 6 8 11
6 7 9 11
10
1 3 5 6 8 10 11 12 13 14
12 14 17 20 22 23 24 27 29 31
14 17 20 23 26 28 30 31 32 33
1 3 5 6 8 9 11 12 13 14
14 17 22 24 25 27 29 31 32 33
8 9 12 15 16 18 19 21 23 25
11 13 15 18 20 21 23 25 26 29
12 14 18 20 21 23 25 27 29 31
6 8 11 13 14 16 17 20 22 24
13 16 20 22 23 25 26 29 31 32
5 6 9 11 12 14 15 17 19 20
13 15 19 21 24 25 27 29 31 32
5 7 9 11 13 14 16 18 20 22
11 12 16 17 19 20 23 24 27 30
9 10 14 16 18 19 21 23 25 28
6 8 11 13 15 16 18 20 21 23
10 11 14 16 18 19 20 23 25 27
3 4 7 8 9 11 13 14 15 17
8 9 13 14 16 18 20 22 24 26
3
3 6 7
3 6 8
6 8 9
8 9 11
6 8 10
2
4 6
2 4
2 3
7
22 24 26 29 31 33 34
3 8 12 13 14 15 26
5 10 14 17 19 20 30
2 7 8 9 10 11 25
4 9 13 16 17 18 29
3 8 12 13 14 15 27
5 10 14 17 19 20 31
23 25 27 28 30 32 34
1 2 3 4 5 6 22
6 11 15 18 20 21 32
1 2 3 4 5 6 23
2 7 8 9 10 11 24
4 9 13 16 17 18 28
10
71 72 73 74 75 76 77 78 79 80
3 13 23 33 43 53 63 73 83 93
21 22 23 24 25 26 27 28 29 30
51 52 53 54 55 56 57 58 59 60
11 12 13 14 15 16 17 18 19 20
61 62 63 64 65 66 67 68 69 70
8 18 28 38 48 58 68 78 88 98
41 42 43 44 45 46 47 48 49 50
1 2 3 4 5 6 7 8 9 10
31 32 33 34 35 36 37 38 39 40
6 16 26 36 46 56 66 76 86 96
4 14 24 34 44 54 64 74 84 94
10 20 30 40 50 60 70 80 90 100
2 12 22 32 42 52 62 72 82 92
7 17 27 37 47 57 67 77 87 97
1 11 21 31 41 51 61 71 81 91
5 15 25 35 45 55 65 75 85 95
81 82 83 84 85 86 87 88 89 90
91 92 93 94 95 96 97 98 99 100
6
3 6 9 12 13 14
7 10 13 16 18 21
6 12 15 16 18 20
4 9 12 13 14 15
8 13 16 18 21 24
11 14 19 21 23 26
1 3 6 7 8 10
6 7 12 15 16 19
3 6 7 10 12 13
8 12 14 18 21 23
10 13 15 20 24 26
8
7 9 13 15 19 23 26 28
7 9 13 15 19 23 24 28
10 11 15 19 22 24 28 30
14 16 17 23 27 30 33 35
2 5 7 9 11 16 20 23
6 8 10 13 15 17 23 24
1 2 4 7 10 14 16 17
11 16 17 23 24 30 31 35
17 19 22 28 30 35 39 43
4 7 10 13 16 17 20 22
17 23 24 28 32 35 37 43
1 2 6 7 10 11 13 17
2 5 8 9 14 16 18 19
16 20 23 26 29 31 36 39
13 18 20 24 28 33 36 37
3
1 2 3
1 2 3
2 3 4
3 4 5
3 4 5
10
2 3 4 5 6 7 8 9 10 11
8 9 10 11 12 13 14 15 16 17
5 6 7 8 9 10 11 12 13 14
10 11 12 13 14 15 16 17 18 19
4 5 6 7 8 9 10 11 12 13
4 5 6 7 8 9 10 11 12 13
6 7 8 9 10 11 12 13 14 15
7 8 9 10 11 12 13 14 15 16
3 4 5 6 7 8 9 10 11 12
6 7 8 9 10 11 12 13 14 15
1 2 3 4 5 6 7 8 9 10
10 11 12 13 14 15 16 17 18 19
9 10 11 12 13 14 15 16 17 18
1 2 3 4 5 6 7 8 9 10
5 6 7 8 9 10 11 12 13 14
8 9 10 11 12 13 14 15 16 17
7 8 9 10 11 12 13 14 15 16
9 10 11 12 13 14 15 16 17 18
3 4 5 6 7 8 9 10 11 12
4
7 9 12 14
6 8 14 17
3 6 9 11
2 3 4 6
4 6 7 8
4 7 12 13
10 11 13 17
5
10 14 18 22 26
16 21 22 26 29
13 15 21 26 31
11 16 18 21 22
1 5 10 13 18
6 11 14 15 20
18 20 22 29 32
1 6 11 16 21
5 11 16 21 23
5
3 7 10 15 16
10 12 18 25 27
10 16 22 25 27
1 3 6 8 10
6 9 12 20 22
1 2 5 8 10
2 7 9 10 12
8 10 17 21 25
8 15 20 21 25
9
20 28 31 37 41 44 47 48 51
3 4 6 7 9 13 16 19 20
25 29 33 36 39 47 48 50 51
10 13 16 17 19 21 22 26 31
14 16 20 23 26 28 32 34 37
7 11 13 16 18 20 21 25 28
3 7 10 14 18 20 21 24 25
24 27 28 35 37 43 44 47 48
18 22 23 26 28 29 36 39 41
6 13 16 20 23 25 27 28 33
19 25 26 34 39 42 43 47 50
16 21 22 32 36 37 41 44 48
21 26 27 32 36 39 41 43 47
4 11 13 16 22 24 26 27 29
13 20 21 28 29 33 39 43 47
9 18 19 26 28 31 36 37 39
7 16 17 23 26 28 32 35 36
10
73 92 104 119 147 155 171 195 211 222
12 38 62 76 88 114 119 120 126 146
115 117 127 144 189 207 224 246 254 272
55 76 94 109 110 119 123 144 157 200
30 38 53 74 75 92 100 117 143 165
161 165 179 200 221 243 256 287 311 332
8 12 26 34 48 73 98 115 139 161
26 53 69 94 117 123 134 155 170 187
96 119 134 155 166 171 219 224 248 256
8 30 53 55 79 95 96 111 122 124
79 88 117 120 131 147 169 189 204 221
34 74 86 109 120 127 155 160 185 195
124 146 187 195 211 222 247 272 290 332
95 114 123 127 151 155 194 207 210 243
111 120 155 160 188 195 226 246 267 287
53 62 69 86 87 104 119 127 145 179
98 100 119 123 169 194 219 226 231 247
48 75 87 110 131 151 166 188 208 211
122 126 170 185 208 211 231 254 276 311
4
7 10 12 13
1 2 3 8
2 4 5 10
3 5 6 11
1 2 3 7
3 5 6 12
8 9 11 13
3
2 3 4
3 4 5
2 3 4
1 2 3
3 4 5
7
6 13 20 27 34 41 48
4 11 18 25 32 39 46
1 2 3 4 5 6 7
1 8 15 22 29 36 43
22 23 24 25 26 27 28
43 44 45 46 47 48 49
5 12 19 26 33 40 47
15 16 17 18 19 20 21
8 9 10 11 12 13 14
3 10 17 24 31 38 45
2 9 16 23 30 37 44
29 30 31 32 33 34 35
36 37 38 39 40 41 42
7
4 5 6 7 8 9 10
5 6 7 8 9 10 11
4 5 6 7 8 9 10
7 8 9 10 11 12 13
2 3 4 5 6 7 8
3 4 5 6 7 8 9
2 3 4 5 6 7 8
6 7 8 9 10 11 12
7 8 9 10 11 12 13
6 7 8 9 10 11 12
1 2 3 4 5 6 7
3 4 5 6 7 8 9
5 6 7 8 9 10 11
10
13 16 19 21 25 28 32 35 36 38
16 19 21 24 27 30 35 36 38 39
18 21 22 27 30 33 37 38 41 44
12 15 18 19 22 26 29 31 33 34
6 9 12 14 15 18 19 21 22 25
8 11 15 16 17 19 21 24 27 30
20 23 25 30 31 34 39 41 43 46
11 12 16 19 21 22 25 27 30 31
16 18 21 24 25 29 32 35 37 39
2 3 6 8 9 12 13 16 18 20
25 27 29 31 33 34 38 39 44 46
8 12 14 16 19 22 24 27 30 31
9 13 15 17 21 23 25 30 31 33
6 9 12 15 16 18 21 22 26 29
2 4 6 8 11 14 16 19 22 25
4 7 9 12 13 15 16 19 21 23
14 16 18 22 23 26 28 30 33 34
22 23 26 30 31 33 36 38 41 43
3 7 9 11 12 16 18 20 23 27
4
43 54 77 102
85 108 111 123
63 102 110 123
39 77 97 111
37 54 76 108
24 43 64 85
64 76 97 110
2
2 6
6 8
4 8
7
5 7 9 10 13 14 15
9 11 13 15 16 17 18
13 14 15 19 21 23 24
6 7 9 10 12 14 16
6 9 10 12 15 17 19
9 13 16 17 18 22 24
8 9 10 12 13 15 17
8 12 14 15 17 21 23
4 6 7 9 11 12 14
11 12 14 17 19 21 22
7 10 12 13 16 19 21
2 4 5 6 7 8 9
2 4 6 8 9 11 13
7
19 38 40 53 65 89 93
77 91 112 151 174 194 207
60 87 95 142 145 166 184
39 58 91 109 115 138 144
65 82 115 142 145 174 199
89 114 138 150 166 194 210
38 50 58 63 87 91 95
19 22 39 58 60 77 83
40 71 91 92 95 112 116
22 50 71 75 82 114 116
93 116 144 152 184 207 226
83 95 116 165 199 210 226
58 63 92 128 142 150 152
3
7 10 12
3 4 7
4 9 10
3 6 7
7 10 12
7
12 14 16 17 18 20 24
7 10 12 13 14 16 17
2 4 6 7 9 10 11
4 5 6 8 10 11 14
7 8 12 13 15 16 18
2 4 5 7 9 10 12
11 13 16 18 20 22 24
9 11 13 15 16 17 18
10 11 15 16 17 19 22
10 12 15 16 18 19 20
9 10 13 14 16 18 20
4 5 8 10 11 12 13
6 8 10 12 13 15 16
10
13 16 19 20 23 26 28 29 31 33
14 17 20 22 24 27 29 30 31 33
6 10 12 14 16 17 18 19 23 24
9 12 15 17 19 20 21 24 27 29
10 13 17 18 21 23 24 26 29 30
11 14 17 18 19 22 24 26 28 29
3 6 7 9 12 13 15 17 18 19
1 2 3 4 6 7 9 10 12 13
7 11 13 16 18 19 20 22 25 27
2 4 6 8 10 11 13 14 15 17
1 2 3 4 5 7 9 11 13 14
5 10 11 12 16 18 19 21 22 23
4 8 9 10 12 14 16 18 21 22
4 8 9 10 14 16 17 18 19 20
13 15 19 21 23 25 27 29 30 31
2 4 6 8 10 11 12 13 15 16
7 11 12 14 17 19 20 23 25 26
12 15 18 19 22 25 26 28 30 31
3 6 7 9 11 12 15 17 19 20
7
3 4 6 7 9 11 13
6 7 8 10 11 14 16
8 9 10 11 12 15 16
7 9 10 11 12 16 18
8 11 12 14 15 18 19
11 13 14 16 18 19 21
4 6 7 9 10 12 14
2 3 4 6 8 9 11
3 4 5 8 9 11 13
4 5 7 8 10 12 14
9 11 12 14 16 18 19
6 8 9 10 11 14 15
2 3 4 6 7 8 9
2
2 5
2 7
5 10
10
20 30 34 38 43 44 46 51 58 59
5 7 10 14 15 19 21 25 29 30
12 16 19 23 28 32 35 36 41 44
9 15 21 24 26 28 30 32 33 37
1 5 6 7 11 12 16 19 21 23
16 17 22 25 30 36 37 38 43 46
1 5 6 8 9 10 11 13 16 20
13 25 26 31 35 36 38 42 50 54
19 21 25 28 32 38 41 42 47 51
11 12 18 21 26 29 31 35 40 43
21 25 26 29 33 42 46 50 54 58
6 9 13 17 21 23 25 26 32 34
8 14 17 18 21 23 25 28 29 33
11 21 25 30 31 35 37 41 46 50
5 7 9 10 12 16 17 21 25 29
23 29 31 33 37 45 50 54 57 59
6 10 13 17 18 19 22 25 26 31
7 10 17 18 24 27 30 31 36 38
10 19 23 27 29 32 36 38 42 45
2
22 222
2 22
22 222
5
4 7 9 12 15
7 10 13 14 16
12 15 16 21 22
3 7 10 12 13
2 4 7 10 12
2 3 6 9 12
10 12 16 18 21
12 13 17 19 22
9 12 14 18 19
10
17 27 29 31 35 36 37 43 44 46
4 7 10 13 16 18 21 23 25 27
14 23 25 31 32 35 38 41 43 44
8 16 18 22 24 26 29 31 33 36
12 21 24 25 28 29 31 37 38 41
2 4 5 6 7 8 10 11 14 15
8 13 15 17 19 22 25 28 31 34
2 4 6 8 10 11 12 15 16 17
6 10 11 14 16 18 21 22 25 28
10 19 21 25 27 30 31 32 35 37
11 18 19 23 24 26 30 34 35 39
15 26 28 34 36 39 41 43 45 46
10 16 18 21 22 24 27 31 32 36
4 7 9 12 13 16 19 21 23 26
5 9 11 15 18 19 24 25 28 29
15 23 25 26 29 31 32 40 41 43
7 13 16 19 22 24 28 29 32 35
6 12 14 17 21 23 25 26 29 31
11 21 22 28 31 34 37 40 42 43
3
1 2 3
1 2 3
2 3 4
3 4 5
2 3 4
10
26 28 37 40 42 46 47 50 54 55
21 22 25 30 36 39 42 43 50 55
1 3 5 9 12 13 17 21 24 25
5 10 11 16 20 26 30 33 37 41
12 15 18 23 27 32 34 38 42 47
5 8 10 12 15 18 21 22 27 28
10 12 16 19 23 27 29 30 31 35
24 27 28 31 39 40 43 46 54 56
29 33 41 44 47 51 52 55 56 60
20 25 30 32 34 37 40 42 43 47
13 18 19 27 31 34 37 40 46 51
25 28 30 35 42 45 47 49 55 60
16 22 26 28 32 34 36 39 40 45
1 5 8 10 14 16 20 23 26 29
14 18 20 23 27 31 33 36 39 42
17 21 22 29 33 36 40 41 47 52
9 12 15 19 23 28 32 36 40 44
23 26 33 36 38 40 41 43 46 49
3 8 9 12 18 22 25 26 28 33
2
22 222
2 22
2 22
4
5 6 7 8
1 5 9 13
13 14 15 16
3 7 11 15
2 6 10 14
4 8 12 16
1 2 3 4
2
2 4
4 8
6 8
4
4 5 6 7
2 3 4 5
3 4 5 6
3 4 5 6
1 2 3 4
2 3 4 5
4 5 6 7
2
5 7
2 6
2 5
9
10 19 26 27 28 31 34 42 45
10 13 21 26 27 31 36 37 40
5 8 10 15 20 24 25 26 28
14 23 27 32 34 35 37 47 49
15 17 23 27 32 33 40 43 44
20 21 24 28 34 36 44 49 51
8 12 17 19 23 27 30 31 36
25 31 37 43 49 54 55 59 62
25 31 33 34 37 42 51 55 64
26 36 40 42 47 51 53 59 66
6 12 13 17 21 27 31 36 41
24 30 36 40 44 48 51 53 56
29 36 40 44 51 59 64 66 67
24 27 29 31 35 41 48 54 59
28 41 44 45 49 53 56 62 67
5 6 7 10 14 19 24 25 29
19 27 31 33 36 41 42 51 53
8
9 15 18 20 22 26 30 32
4 9 12 13 16 19 21 23
6 15 16 17 19 22 25 27
1 2 3 4 6 9 12 15
15 21 23 26 30 32 36 39
5 12 14 15 17 20 24 26
12 17 19 21 25 28 33 36
3 9 12 14 15 18 19 22
9 18 19 20 23 26 28 30
4 12 13 15 18 20 21 24
8 14 15 18 19 23 27 30
12 19 21 24 27 30 33 34
1 3 4 5 8 9 12 13
2 6 9 12 14 15 17 18
3 6 9 12 15 18 19 21
