Case #1: 3 4 6
Case #2: 6 8
Case #3: 7 12 14 17 18 20 22 24 27
Case #4: 14 17 19 23 26 28 31
Case #5: 4 12 19 25 26 27 28 29 30 53
Case #6: 4 8
Case #7: 4 7 10 11 15
Case #8: 7 8
Case #9: 1 2 3 4
Case #10: 3 4 6 8 9 10 12 14 16 17
Case #11: 7 10 11
Case #12: 3 6
Case #13: 6 11 15 18 20 21 33
Case #14: 9 19 29 39 49 59 69 79 89 99
Case #15: 1 3 4 6 8 11
Case #16: 10 14 16 19 22 27 29 32
Case #17: 2 3 4
Case #18: 2 3 4 5 6 7 8 9 10 11
Case #19: 2 4 7 10
Case #20: 21 23 26 31 32
Case #21: 5 10 12 17 18
Case #22: 20 24 25 28 31 33 37 42 44
Case #23: 139 143 145 157 204 210 248 267 276 290
Case #24: 2 4 5 9
Case #25: 1 2 3
Case #26: 7 14 21 28 35 42 49
Case #27: 1 2 3 4 5 6 7
Case #28: 19 20 22 27 30 31 35 36 38 41
Case #29: 24 37 39 63
Case #30: 2 4
Case #31: 4 6 7 9 10 12 13
Case #32: 53 75 109 128 142 151 165
Case #33: 6 9 10
Case #34: 5 6 10 12 13 15 16
Case #35: 9 13 15 16 18 20 21 24 26 28
Case #36: 9 13 14 15 16 19 21
Case #37: 7 10
Case #38: 16 29 32 36 40 41 43 47 54 57
Case #39: 2 22
Case #40: 6 9 13 16 17
Case #41: 16 25 28 29 32 33 35 42 43 45
Case #42: 3 4 5
Case #43: 8 9 11 15 18 19 22 25 28 30
Case #44: 22 222
Case #45: 9 10 11 12
Case #46: 2 6
Case #47: 1 2 3 4
Case #48: 6 7
Case #49: 7 17 21 23 24 29 33 40 44
Case #50: 13 18 22 24 27 30 34 39
